ActivityID SubjectID timeBodyAccMean-X timeBodyAccMean-Y timeBodyAccMean-Z timeBodyAccStd-X timeBodyAccStd-Y timeBodyAccStd-Z timeGravityAccMean-X timeGravityAccMean-Y timeGravityAccMean-Z timeGravityAccStd-X timeGravityAccStd-Y timeGravityAccStd-Z timeBodyAccJerkMean-X timeBodyAccJerkMean-Y timeBodyAccJerkMean-Z timeBodyAccJerkStd-X timeBodyAccJerkStd-Y timeBodyAccJerkStd-Z activityType
1 1 0.277330758736842 -0.0173838185273684 -0.111148103547368 -0.283740258842105 0.114461336747368 -0.260027902210526 0.935223201473684 -0.282165021263158 -0.068102864 -0.976609642526316 -0.971305961473684 -0.947717226105263 0.0740416333157895 0.0282721095884211 -0.00416840617789474 -0.113615602435789 0.0670025007684211 -0.502699788526316 WALKING
1 10 0.278574076603774 -0.017022351190566 -0.109057512132075 -0.178709734396226 -0.0227431651698113 -0.395645072075472 0.963092149811321 -0.0838277013962264 0.0549276242264151 -0.974435158113208 -0.971114719811321 -0.957862728301887 0.0857943809283019 0.00408248792641509 -0.0162953195396226 -0.0521991013207547 0.0750804952113207 -0.511662905849057 WALKING
1 8 0.27468631 -0.0186628865310417 -0.107252090833333 -0.173605736002083 0.380782052708333 -0.1420885318125 0.913586347916667 -0.217102194583333 -0.186267836962021 -0.974752050208333 -0.956781505625 -0.956640104791667 0.0703393490833333 -0.00603947514583333 -0.000673798876875 -0.2586886278125 0.233987544458333 -0.383200596479167 WALKING
1 17 0.272341855245902 -0.0184875403339344 -0.109792122032787 -0.31950017295082 -0.0175797885542623 -0.265824489180328 0.92811236852459 -0.179927382704918 -0.190265949622951 -0.980983351639344 -0.968613202622951 -0.956903248196721 0.0773188580032787 0.0130098548360656 0.0243753334442623 -0.355492635409836 -0.0935385034 -0.534303311639344 WALKING
1 15 0.273899207962963 -0.0170809740090741 -0.107621819518519 -0.327961801111111 0.138912923691296 -0.518932634814815 0.951524391481481 -0.233918282592593 0.0757356734814815 -0.978397287962963 -0.971056501481481 -0.95805876537037 0.0897770721666667 0.00890588563518519 0.000658706162574074 -0.373217585 -0.0319265467387037 -0.686268420555556 WALKING
1 4 0.278582015166667 -0.0148399475341667 -0.11140306485 -0.440829971333333 -0.0788267367683333 -0.586252806833333 0.963999696833333 -0.0858540265666667 0.127764112666667 -0.983826494833333 -0.967963221 -0.962968112 0.0783529082183333 0.00295602428666667 -0.000767679338333334 -0.297042612533333 -0.221165131581667 -0.7513913825 WALKING
1 2 0.276426586440678 -0.0185949199145763 -0.105500357966102 -0.423642838474576 -0.0780912533118644 -0.425257524915254 0.91301733338983 -0.34660709 0.0847270871186441 -0.972693201355932 -0.972116879661017 -0.972072847627119 0.0618080696279661 0.0182492679288136 0.00789533706610169 -0.277530462620339 -0.0166022362847458 -0.586090418983051 WALKING
1 11 0.271821892881356 -0.0166475833623729 -0.106096304033898 -0.422842071864407 -0.0522120750440678 -0.530626311355932 0.946468451355932 -0.212045870169492 0.134053215101695 -0.98110101440678 -0.966240553559322 -0.960852684067797 0.0829709328491525 0.0127682476559322 -0.013364827779661 -0.428516343559322 -0.181419230254237 -0.720654731186441 WALKING
1 9 0.278502842115385 -0.0180891971284423 -0.110820512307692 -0.238353562692308 -0.201696960826923 -0.0579636469030769 0.951867079615385 -0.0314341738730769 -0.115856121080385 -0.980971973653846 -0.971242423076923 -0.955523995576923 0.0704357270480769 0.0212255910017308 0.00414762740192308 -0.206733787961538 -0.276929933846154 -0.409764526153846 WALKING
1 18 0.273887758571429 -0.0178023631866071 -0.104218315464286 -0.37600552125 -0.227005874892857 -0.428348061071429 0.92386524875 -0.254317085892857 -0.0609313415892857 -0.983010882678571 -0.975311658928571 -0.97248384875 0.0767524278392857 0.0282745481892857 0.010685091 -0.368056913928571 -0.320158763392857 -0.633325860714286 WALKING
1 16 0.276023564509804 -0.0204286929452941 -0.108804049803922 -0.404692523921569 -0.314569762352941 -0.159799790235294 0.925981326078431 -0.0668246472745098 -0.217351194313725 -0.982469595490196 -0.973784841960784 -0.961387254313726 0.0770223771764706 0.00968444678235294 0.00360803282352941 -0.396223738431373 -0.425563858627451 -0.44025821745098 WALKING
1 5 0.27784234625 -0.0172850317482679 -0.107741776464286 -0.294098534232143 0.0767484028053571 -0.45702143625 0.972624959821429 -0.100440285303571 0.00247623628392857 -0.979348381428571 -0.961585474821429 -0.964580803928571 0.0845888833571429 -0.0163194101232143 8.32159351785732e-05 -0.302891024625 -0.0910397428607143 -0.612895318571429 WALKING
1 3 0.275567462068966 -0.0171767844203448 -0.112674859827586 -0.360356726034483 -0.0699140652103448 -0.387411994310345 0.936506743275862 -0.261986357931034 -0.138107866258621 -0.97777159137931 -0.962355639482759 -0.952091795 0.0814745882660345 0.0100591485 -0.00562264594827586 -0.26867964387931 -0.0449619594258621 -0.52948611637931 WALKING
1 12 0.2771286656 -0.015560927606 -0.10316110632 -0.128898533096 -0.122783290008 -0.4106060626 0.9668735148 -0.1559834498 -0.03608428788 -0.97911312 -0.9646191738 -0.9502762272 0.045764401482 0.0197766948336 0.005025870328 -0.01350661106 -0.089404968585 -0.512276838 WALKING
1 21 0.279183526730769 -0.0181610317526923 -0.104319332403846 -0.297814843538462 0.0540880509209615 -0.16868872575 0.862524800961538 -0.370984549423077 -0.220947960192308 -0.969576355384615 -0.964144520576923 -0.974939388076923 0.0782251820211538 0.00235197553846154 -0.0101813421307692 -0.114888873837692 -0.0347143855729423 -0.425142604807692 WALKING
1 19 0.273931172307692 -0.0191773587903846 -0.122736673192308 -0.0489049407963462 0.181801561185577 -0.13947794235 0.935222559230769 -0.2233381 -0.0898428797307692 -0.9698614625 -0.958651200384615 -0.929187930961539 0.0822246284461538 0.0144113482019523 -0.0327528722288462 0.110306729315577 0.0809271194038462 -0.179390497475 WALKING
1 28 0.281228223888889 -0.0156759722981481 -0.103714705396296 -0.293003522222222 -0.117886186425926 -0.300928395925926 0.942930275555556 -0.229316151481481 -0.125912861222222 -0.976693902592593 -0.968780859814815 -0.944225031851852 0.0931122231851852 0.0226486602722222 -0.00762915201666667 -0.335700184259259 -0.220123120851852 -0.537470471666667 WALKING
1 6 0.283658868070175 -0.0168954189082456 -0.110303165877193 -0.296538717368421 0.164213884996491 -0.504324207192982 0.958067455087719 -0.214694852280702 0.0331888826842105 -0.977779896491228 -0.964248568070175 -0.957205025789474 0.0699585876912281 -0.0164831715964912 -0.00738931200701754 -0.132784766936842 0.00808897373684211 -0.575777466491228 WALKING
1 26 0.279264443728814 -0.0154259586949153 -0.108927011474576 -0.340185527559322 -0.136351391645763 -0.333486502542373 0.960647754576271 -0.133922185084746 0.108738699508475 -0.980055651016949 -0.969040314237288 -0.966231561694915 0.0652303740728813 0.0196712144372881 -0.00618305784355932 -0.328452881355932 -0.261863589338983 -0.397483516101695 WALKING
1 13 0.275883130350877 -0.0185660651947368 -0.111431456192982 -0.346980394210526 0.141866689392982 -0.220503537026316 0.910855709298246 -0.283658580877193 -0.131299718666667 -0.97254492245614 -0.960899845614035 -0.948637587719298 0.0809590227198246 0.00308364501403509 0.00597249011754386 -0.220910068015789 0.0565488771722807 -0.374633172105263 WALKING
1 22 0.27886459 -0.0167213607957174 -0.107112510934783 -0.00865921919565217 0.100384246321739 -0.213351968804348 0.936096410434783 -0.259644937173913 0.0233780056086957 -0.969643448043478 -0.963639340217391 -0.955147847391304 0.0627777634002174 0.0356746339782609 0.00443691445434783 0.0358787094391304 0.225542290191304 -0.313155902608696 WALKING
1 20 0.272589336470588 -0.021199992245098 -0.113539477098039 -0.208342792019608 0.489771808627451 -0.228734217372549 0.899965205686274 -0.344443913137255 -0.035130214 -0.970327266470588 -0.962003383529412 -0.953850439607843 0.0841234323137255 -0.0210619558882353 0.00634457223529412 -0.090645041854902 0.244310894098039 -0.387664584313725 WALKING
1 29 0.271999916792453 -0.0162915600588679 -0.106632427301887 -0.174337940226415 -0.0917540612869811 -0.242828038264151 0.96237438509434 -0.127318078679245 0.0955792142264151 -0.978253538867925 -0.975272848113208 -0.945981437169811 0.0853743348528302 0.0223870454150943 0.00941547304716981 -0.22143354279434 -0.087174644469434 -0.461758009811321 WALKING
1 7 0.275592961754386 -0.018653665345614 -0.110912234947368 -0.327243240701754 -0.0772618561052631 0.159631283261403 0.932566472280702 -0.159097003684211 -0.160846924029807 -0.979851271403509 -0.969404155087719 -0.952159770526316 0.0901462649192983 0.0184322723280702 -0.0210398551649123 -0.346026226140351 -0.0547448948245614 -0.149488514397895 WALKING
1 27 0.276849485438596 -0.0166478783221912 -0.112822289263158 -0.348475560526316 -0.187301214964912 -0.297318273508772 0.944759287368421 -0.187497034561404 -0.126210937305263 -0.979866136842105 -0.973792999824561 -0.956593490526316 0.0684331971807018 0.00161230290877193 -0.020752327245614 -0.316184021578947 -0.104090459225439 -0.401188539824561 WALKING
1 14 0.271959598644068 -0.0217785380966102 -0.106756369135593 -0.402639098135593 -0.0536126686650847 0.0518841040022034 0.802973961525424 -0.270314822881356 -0.422495268474576 -0.974816884237288 -0.954455935762712 -0.947516969830508 0.0720877913452542 0.024116023559322 0.0199723036949153 -0.454497019661017 -0.344339569152542 -0.472791088644068 WALKING
1 23 0.273211884237288 -0.0183618711932203 -0.113382994084746 -0.313521773389831 -0.119020586510678 0.164220685383051 0.939809688644068 -0.16176137 -0.160763360338983 -0.977230903898305 -0.966550706949153 -0.932981341864407 0.0987319085964407 0.0148955926864407 -0.00190810641525424 -0.229328122305085 -0.0805017337711864 -0.0293115056033898 WALKING
1 30 0.276406758 -0.0175880385730769 -0.0986247068969231 -0.346394275230769 -0.173550021692308 -0.120476783907692 0.965217551076923 -0.157673823846154 -0.00392556384476923 -0.979752466923077 -0.970176562153846 -0.943958420615385 0.0688689970184615 0.0219656545 -0.00739534236 -0.374400941384615 -0.270709274446154 -0.521351855076923 WALKING
1 25 0.278992759054054 -0.0186477624716216 -0.108737636297297 -0.596007443513514 -0.161852411581081 -0.437133403243243 0.937483114459459 -0.127315870743243 0.188416273486486 -0.979499263243243 -0.965093441081081 -0.944995731216216 0.0721720712281081 0.00351115201418919 -0.00335098680675676 -0.607620931621622 -0.382619718513514 -0.675601403648649 WALKING
1 24 0.276980816034483 -0.0225446400534483 -0.110595952913793 -0.47076236637931 -0.154127498163793 -0.288840016206897 0.95970108137931 -0.115116241810345 -0.140910029827586 -0.983132400344828 -0.962578844310345 -0.962822966551724 0.0731938975362069 0.0121254591034483 -0.0116401387758621 -0.485863255344828 -0.302220161206897 -0.491189466034483 WALKING
2 1 0.255461689622641 -0.0239531492643396 -0.0973020020943396 -0.35470802509434 -0.00232026501698113 -0.0194792388471698 0.89335109754717 -0.362153364339623 -0.075402939754717 -0.956367027924528 -0.952849233207547 -0.912379410377358 0.101372729922642 0.0194863076188679 -0.0455625449113208 -0.446843887735849 -0.378274426037736 -0.706593530943396 WALKING_UPSTAIRS
2 8 0.258880152048781 -0.0282415136341463 -0.11512211995122 -0.171712174634146 0.348768733170732 0.121187278790244 0.860368718780488 -0.291341491707317 -0.192306960631707 -0.926673287804878 -0.931032068536585 -0.876168930487805 0.0813816809395122 0.014120592097561 -0.0674583919268293 -0.186618895268293 -0.0123501104926829 -0.447518179097561 WALKING_UPSTAIRS
2 15 0.270187595833333 -0.0287523860708333 -0.116952464895833 -0.0260971840270833 -0.00406536043541667 -0.379717488104167 0.918544812291667 -0.3149610125 0.0811803405 -0.952562395625 -0.927648821458333 -0.92161847875 0.07297243298125 -0.00417361847916667 -0.00525879898958333 -0.186944664541667 -0.311861356875 -0.748809454166667 WALKING_UPSTAIRS
2 2 0.247164790395833 -0.0214121132045833 -0.152513899520833 -0.304376406458333 0.108027279889583 -0.112121021220833 0.790717418541667 -0.416214890416667 -0.195888238891667 -0.934407739791667 -0.92376745375 -0.878004056875 0.0744507839572917 -0.00970985514333333 0.01948143925 -0.276121886479167 -0.185648954220833 -0.5737463525 WALKING_UPSTAIRS
2 17 0.252604768583333 -0.0228645614308333 -0.121290442104167 -0.062952754100625 -0.0131721014395833 -0.230220954239583 0.853530565833333 -0.284153753333333 -0.298171464166667 -0.949460372291667 -0.91597346625 -0.930159843541667 0.07680441704375 0.03083565139375 0.00759533846458334 -0.292665827083333 -0.349791873229167 -0.657430836041667 WALKING_UPSTAIRS
2 9 0.262436475714286 -0.0195101099975714 -0.125219003959184 -0.36144437755102 -0.302206203816327 -0.253434083542857 0.902647777755102 -0.0377947824285714 -0.266009866857143 -0.954383557142857 -0.901317321632653 -0.89407107877551 0.0692266245755102 0.00126612218367347 0.00766046602367347 -0.335291644693878 -0.586147012244898 -0.647296002040816 WALKING_UPSTAIRS
2 18 0.265401201896552 -0.0222060684378914 -0.112655891327586 -0.380168286724138 -0.211155120224138 -0.31437339137931 0.883330258448276 -0.316619946206897 -0.106112549189655 -0.961738807068966 -0.942056881206897 -0.907839723965517 0.0812402028517241 0.0211654691775862 0.0093589662862069 -0.563202134655172 -0.56794063862069 -0.760829911206897 WALKING_UPSTAIRS
2 16 0.255986102627451 -0.0143654945011765 -0.124074517745098 -0.397083831568627 -0.163732745078431 -0.129283825721569 0.826874282745098 -0.0805926025490196 -0.379059698039216 -0.948413552745098 -0.933657461176471 -0.907649558823529 0.0762526677 0.0173729333352941 0.0380533591627451 -0.521089140196078 -0.425625937254902 -0.593411129607843 WALKING_UPSTAIRS
2 11 0.263775859277778 -0.0303157822055556 -0.106797216481481 -0.238802959018519 -0.103167501868519 -0.203369399185185 0.892626155555556 -0.343576924814815 0.146633747092593 -0.953463105740741 -0.924360832962963 -0.906933171111111 0.0968561683092593 -0.0132625289255556 -0.0151463896833333 -0.452961683518519 -0.428119229814815 -0.785359167222222 WALKING_UPSTAIRS
2 3 0.260819873067797 -0.0324109410555932 -0.110064863437288 -0.313123437627119 0.0116280813372881 -0.369754604067797 0.883533436101695 -0.382851153728814 -0.162943955254237 -0.944040819322034 -0.909825953898305 -0.909469675084746 0.0426880986186441 0.0397249270484746 0.0208205538101695 -0.458364616949153 -0.251680364540678 -0.708551711864407 WALKING_UPSTAIRS
2 12 0.272970338653846 -0.0263574903403846 -0.107339730115385 -0.290149192307692 -0.103818259823077 -0.436697425576923 0.938371473269231 -0.259144202692308 -0.0702503820961538 -0.960246289807692 -0.941378352307692 -0.938071183269231 0.0728660813846154 -0.00689494886730769 0.00906662793461539 -0.359856972115385 -0.311328991057692 -0.719336352692308 WALKING_UPSTAIRS
2 10 0.267121853404255 -0.0143854920340426 -0.118180420834043 -0.161591924234043 -0.00555287692765957 -0.0738744931340426 0.931861027446809 -0.0565670278723404 0.0227527702016383 -0.959216072340425 -0.937039417446809 -0.864745838297872 0.0648829303510638 0.0266314282191489 -0.0513375831851064 -0.187220175510638 -0.177803083425532 -0.607520480212766 WALKING_UPSTAIRS
2 19 0.242118808925 -0.0303986615775 -0.151054607725 -0.1287420952375 0.176349922525 -0.1904685504575 0.8294283725 -0.3871007085 -0.2210087627 -0.916495992 -0.9010448505 -0.83693567475 0.08315450836225 0.056818586275 0.0316681980575 -0.1742790558 -0.0128865483575 -0.4442822275 WALKING_UPSTAIRS
2 28 0.262005841764706 -0.0279443943478431 -0.121514025692157 -0.242062430294118 -0.146753877035294 -0.28598691372549 0.854508231764706 -0.333223996666667 -0.265207858431373 -0.944697800196078 -0.927641087843137 -0.900514013333333 0.0706831871117647 0.0222985408245098 0.00749081657058823 -0.312671655921569 -0.331602407372549 -0.637488941176471 WALKING_UPSTAIRS
2 6 0.268229355098039 -0.0272425385070588 -0.122082438784314 -0.0501350188513725 0.189276117327451 -0.353519514896078 0.913632241568627 -0.340732608823529 -0.0184608964392157 -0.959399425098039 -0.912900683137255 -0.906196352156863 0.07210675 0.00371343419607843 -0.00237816579411765 -0.180301156098039 -0.0413994646723529 -0.560830688235294 WALKING_UPSTAIRS
2 4 0.270876696730769 -0.0319804295729615 -0.114219455519231 -0.204933042903846 -0.0666899105180769 -0.372137777692308 0.946264314423077 -0.232944304615385 0.0841675382884615 -0.958495235576923 -0.923376019038462 -0.919619453269231 0.0560971909634615 0.0234018993153846 0.00340280836730769 -0.380488027307692 -0.281543175326923 -0.726495311923077 WALKING_UPSTAIRS
2 13 0.258203939581818 -0.0277392253910909 -0.125767265890909 -0.296284597454545 0.104470773801818 -0.217210568085455 0.847634313454545 -0.357404501636364 -0.207507170584727 -0.946441502363636 -0.922054968727273 -0.910271096181818 0.0692442067545455 -0.00128009758363636 -0.0254126299290909 -0.487325539818182 -0.323333932218182 -0.660921263636364 WALKING_UPSTAIRS
2 22 0.248391534566667 -0.0268622561133333 -0.117550861738095 0.0835738640921429 0.250067523738095 -0.109613216345238 0.889454382857143 -0.33682691 -0.0957978990316667 -0.94063384047619 -0.941620221904762 -0.913153632142857 0.0877172239047619 0.0367082966285714 -0.033616970907381 -0.00853992680952381 -0.0575784544857143 -0.471703304761905 WALKING_UPSTAIRS
2 20 0.252098317156863 -0.0282258047588235 -0.121023947784314 -0.116088676011765 0.15219632835098 -0.229249455098039 0.777095717058824 -0.479894842941176 -0.130117634791765 -0.931405014313725 -0.92459435372549 -0.904064093529412 0.0836451256901961 0.00659982629803922 -0.024542099304902 -0.185695388078431 -0.260789711588235 -0.513641207058824 WALKING_UPSTAIRS
2 29 0.265423066877551 -0.0299465312326531 -0.118000587840816 -0.0867715569693878 -0.122128287642857 0.0995443502346939 0.929258953877551 -0.227120125306122 0.0443786011771429 -0.954189013061225 -0.923007798367347 -0.858849467142857 0.106345193353878 -0.000689019191836735 -0.0290713871612245 -0.182365815065306 -0.388624195510204 -0.678763766530612 WALKING_UPSTAIRS
2 7 0.248706923078431 -0.0275639005607843 -0.143769688803922 -0.29487297445098 -0.32616002254902 -0.145665025639216 0.81874656 -0.240950944117647 -0.403599709607843 -0.932823053333333 -0.939774255490196 -0.881675909607843 0.0724649938509804 -0.000812387078431372 -7.4519666666666e-05 -0.415153115882353 -0.519897595686274 -0.60780843627451 WALKING_UPSTAIRS
2 5 0.268459469914894 -0.0325269755153191 -0.107471453914894 -0.0457237779851064 0.185022459476596 -0.308938978787234 0.936821834893617 -0.265942569148936 -0.0232035364248936 -0.95357996893617 -0.900511719787234 -0.92141958 0.0795443483829787 0.0140130363106383 -0.025590953282766 -0.223896564340426 -0.125026612744681 -0.63836903212766 WALKING_UPSTAIRS
2 14 0.26242106612963 -0.0204388180024074 -0.112279688983333 -0.309396717592593 0.307195533 0.609017879074074 0.688256122222222 -0.322680364814815 -0.49508872037037 -0.928523640925926 -0.907231431296296 -0.875450819074074 0.0803303022222222 -0.0183131159944444 0.00344199486481481 -0.368780418888889 -0.336427181240741 -0.327868814314815 WALKING_UPSTAIRS
2 23 0.249995171031373 -0.0323844029237255 -0.126890616782353 -0.243887818513725 0.0448435785868627 0.10080118935098 0.843438810196078 -0.214481808235294 -0.35593445 -0.933344481568627 -0.910474557058824 -0.902065910392157 0.0723649984647059 0.039986286827451 0.0159234167843137 -0.365398622764706 -0.328225031 -0.408094020392157 WALKING_UPSTAIRS
2 21 0.265194544680851 -0.0237218695148936 -0.125414265340426 -0.240808282276596 0.109787469104255 -0.219707928574468 0.781177210851064 -0.432309617446809 -0.309735038510638 -0.940911635531915 -0.941523624255319 -0.932716253829787 0.104034223065957 -0.0156290073042553 -0.0360115472978723 -0.424052014680851 -0.203209665702128 -0.562052350212766 WALKING_UPSTAIRS
2 30 0.271415642261538 -0.0253311698786154 -0.124697493775385 -0.350504475230769 -0.127311157607692 0.0249468034966154 0.93182983 -0.226647292153846 -0.0221401100714154 -0.954033624307692 -0.914933936 -0.862402791230769 0.0579840372876923 -0.00358719228769231 0.0161506198923077 -0.535420203384615 -0.587214542923077 -0.761942025384615 WALKING_UPSTAIRS
2 27 0.265770253921569 -0.0200953324078431 -0.123530438196078 -0.295439547254902 -0.0950104077 -0.23070787672549 0.868000278627451 -0.229278659607843 -0.294642640196078 -0.956433874705882 -0.947713378627451 -0.926675381176471 0.0734763532039216 -0.0140229374470588 0.0067467910745098 -0.468066189411765 -0.426833499411765 -0.633722935098039 WALKING_UPSTAIRS
2 25 0.277995411384615 -0.0269863524264615 -0.126210440292308 -0.459775646153846 -0.223086808769231 -0.296523975076923 0.927693239538462 -0.217641282461538 0.108230986684615 -0.950878450307692 -0.931758272769231 -0.882722399076923 0.0740041435707692 0.00925514041553846 -0.0116906813498462 -0.663642746307692 -0.627131235692308 -0.812458372307692 WALKING_UPSTAIRS
2 26 0.272691394545455 -0.0281633797398182 -0.121943461236364 -0.169006952418182 -0.0491726302763636 -0.404596936545455 0.942095257090909 -0.246169656181818 -0.00199310572363636 -0.962011392181818 -0.937858157818182 -0.929636797636364 0.0755645318545455 0.00209171684890909 -0.0117089275472727 -0.290879965872727 -0.399771473818182 -0.677995585454545 WALKING_UPSTAIRS
2 24 0.269881106779661 -0.0251979434569492 -0.114248610966102 -0.344399351355932 -0.116804488966102 -0.255601012881356 0.906369500508475 -0.237498409152542 -0.227134869152542 -0.962190567457627 -0.916690779830509 -0.934952938983051 0.0862310100338983 -0.0150816047830508 -0.0132353651798305 -0.49876467220339 -0.51522075220339 -0.523807264237288 WALKING_UPSTAIRS
3 10 0.290401594315789 -0.0200050770710526 -0.110848597247368 0.295733547631579 0.00407915363157895 -0.183557562032895 0.939807421052632 -0.0646160768947368 0.0418715409263158 -0.939267613157895 -0.937003823684211 -0.902085224736842 0.100959387447368 0.0107824902368421 0.000152617173684209 0.223275806105263 -0.105020355562895 -0.318188417289474 WALKING_DOWNSTAIRS
3 8 0.283484089210526 -0.0211058674973684 -0.107598135394737 0.0241393473736842 0.343826273105263 0.1337170395 0.914023498421053 -0.187610243421053 -0.141817934963684 -0.945766561578947 -0.941580934473684 -0.897190012631579 0.118938088342105 -0.0380193846210526 -0.0394356157631579 0.250143724521053 0.288140718789474 -0.0135136269 WALKING_DOWNSTAIRS
3 11 0.291605631956522 -0.0178097721219565 -0.111070149978261 0.142456557034783 0.0708122725543478 -0.324026938043478 0.941746406521739 -0.200321942608696 0.132371684891304 -0.954497498695652 -0.926310469565217 -0.925814906086956 0.0897168657173913 0.0252274201521739 -0.0225208905847826 -0.0834212653347826 -0.126816662141304 -0.579710482173913 WALKING_DOWNSTAIRS
3 9 0.295923445 -0.0203994269075476 -0.0910278793952381 0.213392270547619 -0.208310705504762 -0.00771530035714285 0.938417773333333 -0.0352304645104762 -0.082276174942619 -0.952141220714286 -0.936306558809524 -0.876641297380952 0.130193043809524 -0.0206865965952381 0.00262568854761905 0.017623342197619 -0.3094424725 -0.359513362761905 WALKING_DOWNSTAIRS
3 4 0.279965329555556 -0.00980200850666667 -0.1067775246 0.0111935496222222 -0.21859832499 -0.479185977111111 0.947731858666667 -0.0620852772955556 0.148714808888889 -0.955258881333333 -0.932066041111111 -0.937753794444444 0.0971862748866667 0.00563780215111111 -0.00729137766444444 -0.145759708684667 -0.146242294857778 -0.626646986888889 WALKING_DOWNSTAIRS
3 13 0.294907553404255 -0.0143723839108511 -0.101993941531915 -0.0681563626617021 -0.03212524665 -0.158333146191489 0.941875619787234 -0.211555112553191 -0.0950820341687234 -0.952643084042553 -0.92854437106383 -0.893962984042553 0.101704538333298 -0.00751868156382979 -0.0252977670276596 -0.0740908045319149 -0.149027773519149 -0.31704660987234 WALKING_DOWNSTAIRS
3 5 0.29354392712766 -0.00850107533191489 -0.100319930659574 0.275046110468085 0.0907630761042553 -0.325891435319149 0.956649352553192 -0.0607578318319149 0.0216777910246191 -0.950490938510638 -0.912363420851064 -0.927192732978723 0.109650600459574 0.0137618233808511 0.0213397664446809 0.0322415501638298 0.0473612314702128 -0.52265163787234 WALKING_DOWNSTAIRS
3 14 0.293422115555556 -0.0200141413657778 -0.0928330165533333 0.0178313402266667 0.378870491755556 0.451576075111111 0.81629643 -0.264254674666667 -0.392555882222222 -0.919098794 -0.920725940666667 -0.879565316666667 0.0428631626711111 0.0291339421022222 0.0104952601188889 0.0129597549231111 0.192791766468889 -0.133634060621778 WALKING_DOWNSTAIRS
3 12 0.281521097391304 -0.018084266865793 -0.10955593226087 0.0424084916086956 0.11083534373913 -0.425017413478261 0.949861980652174 -0.178702175434783 -0.0561050624630435 -0.959504017391304 -0.94329842826087 -0.935399348043478 0.0621500251717391 -0.0119289154608696 0.00485262425869565 0.00631914373913043 0.0629216671304348 -0.498655793478261 WALKING_DOWNSTAIRS
3 1 0.289188320408163 -0.00991850461020408 -0.107566190908163 0.0300353383483878 -0.0319359434489796 -0.230434213204082 0.931874418979592 -0.266610338979592 -0.0621199585938775 -0.950559811632653 -0.937018658979592 -0.895939695102041 0.0541553164897959 0.0296504490408163 -0.0109719730183673 -0.012283860544898 -0.101601390640816 -0.345735032326531 WALKING_DOWNSTAIRS
3 30 0.283190646967742 -0.0174383900204839 -0.0999781422322581 -0.0577703163548387 -0.0272628077709677 -0.217275690290323 0.958000491451613 -0.126710371903226 0.0288081674653226 -0.958890388709677 -0.918678752419355 -0.87766706 0.0883933037048387 -0.00756110754193549 -0.0118301423032258 -0.226643901120968 -0.194656096556452 -0.467070153387097 WALKING_DOWNSTAIRS
3 28 0.293642076521739 -0.0220230465913043 -0.10858897408913 0.125712887943478 0.156496646504348 -0.341031811521739 0.929291680434783 -0.235897105217391 -0.121477255782609 -0.956921542391304 -0.948404212173913 -0.91705975 0.0972653457891304 0.0143450903413043 0.00123950141304348 -0.0167652227782609 0.0265530133695652 -0.427053261304348 WALKING_DOWNSTAIRS
3 6 0.277045258145833 -0.019536840063125 -0.107209356208333 0.383681639791667 0.360164958768542 -0.320204232520417 0.928531455208333 -0.214046334375 -0.00307981704708333 -0.9544062675 -0.93357760125 -0.934378766458333 0.103681343708333 0.00987685807166667 -0.00932470617291667 0.165271070858333 0.276544029529167 -0.336817322270833 WALKING_DOWNSTAIRS
3 15 0.280198851190476 -0.00563047804309524 -0.110526066428571 0.406471051190476 0.186532377428571 -0.281982181666667 0.932302200476191 -0.167462317142857 0.0788822410992857 -0.942806478333333 -0.925685893571429 -0.93400831 0.0711457160166667 0.01511589985 -0.0100212901547619 0.134593836190476 0.0158059210738095 -0.404005582309524 WALKING_DOWNSTAIRS
3 24 0.288631208909091 -0.0145730348310909 -0.104818820272727 -0.08273248054 -0.102607326783636 -0.205566380745455 0.950883416727273 -0.128326710927273 -0.140123155018182 -0.961845327454545 -0.941478979454546 -0.942207718727273 0.0802619828545455 -0.00447316273690909 -0.00846915857363636 -0.337218894 -0.169291887741818 -0.290239376563636 WALKING_DOWNSTAIRS
3 2 0.27761534806383 -0.0226614158361702 -0.116812942382979 0.0463666814446808 0.262881788951064 -0.10283790806383 0.861831345531915 -0.325780100638298 -0.0438890162723404 -0.940361759574468 -0.940068525531915 -0.931438313191489 0.110040615569574 -0.00327959081489362 -0.0209351677765957 0.147249143238298 0.126828014557447 -0.340122023191489 WALKING_DOWNSTAIRS
3 22 0.284458963861111 -0.0197999371686389 -0.1074157796 0.348618168333333 0.239812250944444 -0.325722718055556 0.921820641944444 -0.222215179444444 0.0412987957222222 -0.941242334722222 -0.945824352777778 -0.906594023333333 0.101584640833333 0.0211126110833333 0.0112499015 0.0869139849722222 0.0198613278611111 -0.477806646111111 WALKING_DOWNSTAIRS
3 29 0.293140441083333 -0.01494121505625 -0.0981339984895833 0.167383602458333 -0.12246346700625 -0.223177999879167 0.948486215 -0.0760962952291667 0.0919650454166667 -0.9417361925 -0.91390306375 -0.869300904791667 0.0636871965479167 0.000621016968750005 -0.0140642983104167 -0.023952574044375 -0.07734083835625 -0.478764185 WALKING_DOWNSTAIRS
3 7 0.28030708 -0.0166332372978723 -0.096938308587234 0.0660815600978723 -0.138179072734043 -0.0636402447755319 0.930623632765957 -0.12987167306383 -0.154935538544681 -0.964875962978723 -0.952678693617021 -0.92875646893617 0.0968926184638298 -0.0191061075170213 -0.0160390392510638 0.0285033927287234 -0.296279674759574 -0.347107758021277 WALKING_DOWNSTAIRS
3 16 0.295586802191489 -0.0183898583787234 -0.119873705148936 0.207251997929787 -0.146993837655319 0.0114353944787234 0.917818427021277 -0.0584832676382979 -0.225382496382979 -0.957785118085106 -0.955487793617021 -0.910588943191489 0.0907857064255319 -0.0148114530276596 -0.029312256293617 -0.101186926595745 -0.261684752425532 -0.303381582831915 WALKING_DOWNSTAIRS
3 25 0.291329666206897 -0.0210170522987931 -0.107192376965517 -0.253756934258621 -0.14054060387069 -0.457972381896552 0.929627532241379 -0.0724270175862069 0.21879595837931 -0.964470066724138 -0.937816011034483 -0.92619169637931 0.110656929396552 -0.0195416626931035 -0.0113348791672414 -0.501968387931034 -0.371661522413793 -0.711494695517241 WALKING_DOWNSTAIRS
3 3 0.292423484693878 -0.0193554079328571 -0.116139842908163 -0.0574100475102041 -0.0331503723387755 -0.362240245489796 0.939057787755102 -0.228829214285714 -0.102352758040816 -0.950061129591837 -0.946094637755102 -0.899943947755102 0.0725689294489796 0.0109707769183673 -0.00202727978142857 -0.0858010042244898 -0.111439194979592 -0.571735243061224 WALKING_DOWNSTAIRS
3 23 0.289897411148148 -0.0162111457238889 -0.0988123712574074 0.0441392843425926 0.10825903416963 0.229898742944444 0.923711401296296 -0.110028841648148 -0.153671532259259 -0.950790837407407 -0.93901254962963 -0.905888257592593 0.0578010605648148 0.0375005150740741 -0.000982717101851849 0.198947061775926 -0.0883301225796296 0.0310157077775926 WALKING_DOWNSTAIRS
3 21 0.3014610196 -0.0173195390157778 -0.09816866218 0.224343492244444 0.301336399711111 -0.0717893558666667 0.872683205555556 -0.356673289555556 -0.187870253333333 -0.940194827777778 -0.940111830666667 -0.916324556888889 0.0901452883333333 -0.0213998492444444 -0.0125551085533333 0.00214655719111111 -0.0796009757622222 -0.246061882112444 WALKING_DOWNSTAIRS
3 19 0.262688053871795 -0.0145942275069487 -0.133695240660974 0.626917070512821 0.514816445641026 0.049322451025641 0.881940855128205 -0.215018042307692 -0.126146868942821 -0.899726139487179 -0.917880864102564 -0.899363131794872 0.0730930306923077 -0.0386872111282051 -0.00955202497435897 0.544273037307692 0.355306716915385 -0.0200111148717949 WALKING_DOWNSTAIRS
3 17 0.29391828326087 -0.0167359404347826 -0.0892432745173913 0.187719760269565 -0.0607892037384783 -0.231064156615217 0.928817578043478 -0.151077057652174 -0.160962985956522 -0.950026242173913 -0.946576675652174 -0.901097766521739 0.118250858006522 -0.0113826178208696 -0.00939838078195652 -0.103436471413043 -0.304063534173913 -0.536331570652174 WALKING_DOWNSTAIRS
3 26 0.2792845828 -0.01262580966778 -0.1064396194 0.17395384962 -0.011629910112 -0.284807676 0.9467972718 -0.0799003729 0.1539063202 -0.9627219918 -0.9354258554 -0.9330817682 0.111470787918 -0.007131601642 -0.01189114264 -0.128111641206 -0.08640490273602 -0.3793359516 WALKING_DOWNSTAIRS
3 18 0.288439468909091 -0.0168666920221818 -0.1033908092 -0.302634565090909 -0.254214045818182 -0.418610127454545 0.932277478363636 -0.225809125454545 -0.0493636733454545 -0.960404874545455 -0.932962218181818 -0.921661749636364 0.0809044045254545 -0.000757069449090909 -0.01417699182 -0.387223932363636 -0.447033872545455 -0.651246664909091 WALKING_DOWNSTAIRS
3 27 0.2975441875 -0.0135564467159091 -0.112837694688636 0.167407531090909 -0.0979710029522727 -0.240040783340909 0.931380178636364 -0.166938774772727 -0.140047614122727 -0.946975165 -0.934963993181818 -0.920921521590909 0.0936273220295455 0.0159869469363636 -0.00985034750909091 -0.00358338882727273 -0.138528104113636 -0.409310918409091 WALKING_DOWNSTAIRS
3 20 0.296144421355556 -0.00964120773155556 -0.104602925937778 0.0745098785288889 0.616937015333333 -0.160938536488889 0.91972663 -0.277419718666667 -0.0282591579777778 -0.940458075111111 -0.908577153777778 -0.919693532888889 0.0695031058 0.00436449644888889 -0.00253482149777778 -0.135699627468889 0.289670966711111 -0.381503405466667 WALKING_DOWNSTAIRS
4 11 0.276590197358491 -0.0149195616754717 -0.112840218339623 -0.982796562075472 -0.921402118113208 -0.968370181886792 0.871963798301887 0.213716305739623 0.188531695981132 -0.988069341132075 -0.949792572075472 -0.971661610754717 0.0761777324716981 -0.000213838552075472 0.00833400761716981 -0.980335163584906 -0.966766643396226 -0.983441609622641 SITTING
4 4 0.27153827992 -0.007163065158 -0.10587459588 -0.980309931 -0.89022398108 -0.9322030066 0.8693030064 0.211622539936894 0.11012048108 -0.9814052948 -0.93272710386 -0.9509492546 0.0784500239 -0.0108582171094 -0.0121499951596 -0.9767421962 -0.9445961056 -0.9790387658 SITTING
4 13 0.274328499591837 -0.00587732936326531 -0.0972465110836735 -0.989546275306122 -0.938967741632653 -0.938641215510204 0.92557651244898 0.101769752489796 0.0757773858163265 -0.981379112653061 -0.951353064693878 -0.930979556938776 0.0752865881142857 -0.00112344092891837 -0.0232397245106122 -0.992827264081633 -0.984267557755102 -0.987612090204082 SITTING
4 5 0.273694139545455 -0.00990083527045455 -0.108540300265909 -0.980945022045455 -0.904335121022727 -0.926094740227273 0.880731443863636 0.168445524 0.143006857611364 -0.983137541590909 -0.939942979795454 -0.945008999545455 0.0749577410909091 -0.00278773346136363 0.00338609594827273 -0.975204850227273 -0.952786261136364 -0.973436529545455 SITTING
4 14 0.279990577037037 -0.00870565463888889 -0.100401490425926 -0.976302248148148 -0.914935703907407 -0.922774835740741 0.939038759814815 -0.0364533962277778 -0.0945970534814815 -0.976280399444444 -0.95032266362963 -0.938415738148148 0.0741878844074074 -0.00436185985848148 -0.0105744513096296 -0.980890655185185 -0.967828356296296 -0.976133383518519 SITTING
4 12 0.275007224901961 -0.0157892988523529 -0.106307228960784 -0.982568781960784 -0.92858124 -0.939661889019608 0.926228975490196 0.0830509010823529 0.0885640696078431 -0.985203642352941 -0.963641979215686 -0.956208629607843 0.0771277656078431 0.0105990504054902 -0.0020457599227451 -0.976494200784314 -0.964047461568627 -0.97911346627451 SITTING
4 10 0.270612056481481 -0.015042681852037 -0.104253238796296 -0.982901825925926 -0.917979529962963 -0.967826981666667 0.791887198148148 -0.041260775 0.20253457287037 -0.973128354074074 -0.935690006481481 -0.966898520555556 0.0775372505185185 0.00897875458703704 -0.00499566427666667 -0.988946414074074 -0.980756789814815 -0.988255803703704 SITTING
4 8 0.267491472934783 -0.00672550621304348 -0.104461049130435 -0.979026152391304 -0.927331997021739 -0.939553030217391 0.832453878043478 0.240095117065217 0.263895185521739 -0.966757967173913 -0.937462301369565 -0.935475331521739 0.0786713761086957 -0.00657516306713044 -0.0106808920069565 -0.985188753695652 -0.980784606086957 -0.985285807173913 SITTING
4 28 0.276977629444444 -0.0185404441258333 -0.111517939555556 -0.983272806805556 -0.939905244861111 -0.936667245694444 0.907331309166667 -0.112596728361111 0.135402566816667 -0.989132499583333 -0.971766352361111 -0.956087679583333 0.0768671621527778 0.0148338232684722 0.000257854017638888 -0.976286679444444 -0.962219452777778 -0.976327426666667 SITTING
4 6 0.276778487454545 -0.0145911615290909 -0.110127728709091 -0.980164933636364 -0.923682131090909 -0.925797097090909 0.933692934909091 0.0682628663363636 0.0695219657167273 -0.988872369272727 -0.960875994727273 -0.955475832363636 0.0754721635223636 2.55649800000024e-06 0.00623727782090909 -0.969929476363636 -0.945143686181818 -0.958572952545454 SITTING
4 15 0.27290337979661 -0.0117188472271186 -0.11366125320339 -0.987084356101695 -0.922407162881356 -0.949338025084746 0.89036426220339 0.210849305016949 0.00281565980440678 -0.982620883728814 -0.943561411694915 -0.952973658983051 0.0784792788644068 -0.00898437589491525 -0.00237207545345763 -0.988162333898305 -0.978126998813559 -0.987011024745763 SITTING
4 24 0.273475690147059 -0.0131255097938235 -0.103041061426471 -0.990593766617647 -0.956255962058824 -0.957056111470588 0.919637604411765 0.182254651955882 0.109559621020588 -0.989660149852941 -0.971692544705882 -0.963406795735294 0.0763318528529412 0.00476702575745588 -0.00113300171426471 -0.988564382205882 -0.979573678088235 -0.984662946764706 SITTING
4 2 0.27708735173913 -0.0156879937282609 -0.109218272456522 -0.986822279565217 -0.950704499130435 -0.95982817173913 0.940477273043478 -0.105630024498783 0.19872676876087 -0.979988760869565 -0.956750273043478 -0.954415873043478 0.0722564387173913 0.0116954511323913 0.00760546929869565 -0.988055854130435 -0.977983955434783 -0.98751821173913 SITTING
4 9 0.24832674354 -0.02701677698 -0.07537846886 -0.9572277914 -0.875141405 -0.83200187268 0.9163245106 -0.0414258228938 0.085263099144 -0.9552804062 -0.94645197 -0.88585411242 0.077005006374 0.009817397262 -0.008674672651 -0.9645358564 -0.9567775448 -0.9618894376 SITTING
4 29 0.2771799775 -0.016630680375 -0.1104118192 -0.9907450195 -0.963222497833333 -0.968063878166667 0.891563755166667 0.1556594569 0.286256063666667 -0.984679151833333 -0.973604289833333 -0.966032045333333 0.0745438102516667 0.00598531404666667 0.003167700952 -0.993525560333333 -0.9840551 -0.990168733 SITTING
4 7 0.284674637291667 -0.01461097580375 -0.122464597625 -0.972668374583333 -0.909454698541667 -0.8565329414375 0.969147824375 0.00608846646041667 0.0649636250354167 -0.957082433333333 -0.945436264583333 -0.868602535416667 0.0668519793125 0.0116863419310417 0.0162004141964583 -0.982158098125 -0.969458676458333 -0.972256472708333 SITTING
4 16 0.280768574492754 -0.0102497939956522 -0.0891404038405797 -0.986825605362319 -0.951607872463768 -0.939672247101449 0.942457377971014 -0.086588253942029 0.0892682200463768 -0.980158243333333 -0.968023206956522 -0.945813561478261 0.0734346720289855 0.00985642890855072 -0.0115030575052174 -0.990861134782609 -0.981800970724638 -0.983487212898551 SITTING
4 25 0.278541482461538 -0.0147696808030769 -0.109160440476923 -0.991892828615385 -0.947457617061538 -0.965139552153846 0.865686078153846 0.208287142261538 0.167140956385077 -0.988879980615385 -0.963415016923077 -0.969459982461538 0.0752087009912308 0.00485415893230769 0.00210760835861538 -0.992278621692308 -0.982870991692308 -0.988433153384615 SITTING
4 3 0.257197599134615 -0.00350299841730769 -0.0983579203269231 -0.971010120961538 -0.856617812115385 -0.875110175384615 0.901098984615385 0.127303379245962 0.139020582461538 -0.957324457884615 -0.903923008269231 -0.897736318269231 0.0726098418653846 0.00272529134230769 -0.00423348373557692 -0.974467390384615 -0.953631390961538 -0.974661565961538 SITTING
4 1 0.261237565425532 -0.00130828765170213 -0.104544182255319 -0.977229008297872 -0.922618641914894 -0.93958629106383 0.831509933404255 0.204411592680851 0.332043702765957 -0.968457145744681 -0.935517055957447 -0.949040933191489 0.0774825199574468 -0.000619102785106384 -0.00336779235021277 -0.986430711276596 -0.981371965319149 -0.987910804468085 SITTING
4 30 0.268336081379032 -0.00804731295322581 -0.099515446133871 -0.983622744193548 -0.937857000806452 -0.950654041290323 0.825473836935484 0.114588392624871 0.34476602 -0.978364712258065 -0.959361306774194 -0.956635663064516 0.0760057731790323 0.00975692523887097 -0.00278161828080645 -0.988864577419355 -0.980420928387097 -0.988164381290323 SITTING
4 19 0.273830316164384 -0.016739260030137 -0.10870765430137 -0.976357663013699 -0.950388943972603 -0.951929615068493 0.581371509041096 0.360343534657534 0.489126594657534 -0.969355010136986 -0.96996981369863 -0.960394960821918 0.0753747129191781 0.0137921005843836 0.00173106800213699 -0.987043285479452 -0.979267729041096 -0.986704740273973 SITTING
4 17 0.2773570196875 -0.014156274084375 -0.11362408509375 -0.9944439053125 -0.96185862984375 -0.96572919578125 0.94488374765625 -0.002814673171875 -0.135803881679687 -0.99019661703125 -0.9667201059375 -0.9566106440625 0.075070986171875 0.0056097104915625 -0.0015544841534375 -0.99434060296875 -0.98863700234375 -0.990529261875 SITTING
4 26 0.258243530166667 -0.00713364541358974 -0.0974448692333333 -0.979768987948718 -0.94079896551282 -0.950004414102564 0.782955611794872 0.223105562025641 0.314387627435897 -0.965082925641026 -0.949286700807692 -0.944580863846154 0.0764443226333333 0.00692238958961538 -0.00780237981320513 -0.99225839525641 -0.986215215641026 -0.99000871051282 SITTING
4 18 0.27727001877193 -0.0128691279736842 -0.111904775824561 -0.994347988596491 -0.974928131052632 -0.977572717017544 0.909816469298246 0.12988647622807 0.161877417894737 -0.994043771403509 -0.984035479473684 -0.978340183157895 0.076622889 0.00694560289491228 0.00278757042058246 -0.991624662105263 -0.984002717017544 -0.990153121754386 SITTING
4 27 0.273941302571429 -0.0155269799285714 -0.105521912588571 -0.988580107714286 -0.971579125714286 -0.965858735142857 0.839464714 0.212947021371429 0.276417431042857 -0.982445738 -0.982553336571429 -0.967268066 0.0779038963571429 0.004670724222 -0.00611285425957143 -0.990658097857143 -0.985097470714286 -0.988904001571429 SITTING
4 22 0.273583822709677 -0.0123468446419355 -0.105827369516129 -0.978466823709677 -0.928059133795645 -0.917564853870968 0.839305928709677 0.208553884 0.315551492322581 -0.972009988709677 -0.954225015274194 -0.927950649854839 0.0807687311935484 -0.000842715149193548 -0.0126852481958065 -0.981664149193548 -0.964782832419355 -0.978928356290323 SITTING
4 20 0.278045439090909 -0.0147229305131818 -0.108369634515152 -0.983081858939394 -0.93612270469697 -0.929106396818182 0.924454522424242 0.0733385412878788 0.151679135228788 -0.985829034393939 -0.966983534242424 -0.935854966151515 0.0746568393030303 0.00597430268636364 0.00160134859924242 -0.982078229242424 -0.970896863484848 -0.976522488787879 SITTING
4 23 0.273351251617647 -0.0133945015676471 -0.103808679294118 -0.987607636617647 -0.934933559264706 -0.905584390323529 0.936509242941176 0.1217510625 0.0630111556279412 -0.984536722205882 -0.960917426323529 -0.923953600294118 0.0770022352205882 0.0101351394211029 -0.00148823351367647 -0.984561803823529 -0.978045837794118 -0.975978995 SITTING
4 21 0.277539616823529 -0.0144009705494118 -0.112057887741176 -0.991777287176471 -0.966877560941176 -0.959567861764706 0.940031368 0.0215206708823529 -0.0567766060705882 -0.992936404470588 -0.979355363176471 -0.965426493882353 0.0757109789882353 0.0121020139594259 -0.000175352166235294 -0.989439392235294 -0.979002804823529 -0.985823622941176 SITTING
5 7 0.282723539433962 -0.0145740341037736 -0.0997778303207547 -0.979307570377358 -0.923400921886792 -0.917064168490566 0.958728687924528 -0.117607048924528 -0.0516573721320755 -0.987917503962264 -0.966162998679245 -0.939161014716981 0.0751915112830189 0.00694700354075472 -0.0108420294035849 -0.976403544716981 -0.965810609622642 -0.972060053207547 STANDING
5 5 0.282544390892857 -0.00700418554517857 -0.102171095696429 -0.968591815714286 -0.869439913392857 -0.869327321785714 0.960188699107143 -0.03871012665 0.138638436607143 -0.974088206071429 -0.931973943392857 -0.914608495714286 0.0725189859107143 -0.00221990214464286 -0.0122812220569643 -0.962647080178571 -0.931217140714286 -0.963832118928571 STANDING
5 6 0.280346248596491 -0.0181236327175439 -0.112172831947368 -0.981758159649123 -0.921493191754386 -0.925692371929825 0.945139003859649 -0.230251036140351 0.0139193473596491 -0.985583066842105 -0.96844910122807 -0.942795062280702 0.0730699604561404 0.00871883993421053 -0.00481712245438596 -0.973132635789474 -0.949362277017544 -0.967547241754386 STANDING
5 4 0.280499745892857 -0.00948911098553571 -0.0961574905535714 -0.97692058 -0.86159737875 -0.896880538392857 0.95619779125 -0.0759009061071429 0.166893825946429 -0.972908355892857 -0.917613464821429 -0.899404775267857 0.0721328379857143 -0.00653015693773214 -0.0211889890567857 -0.972586541964286 -0.938354677857143 -0.973054201071429 STANDING
5 1 0.278917629056604 -0.0161375901037736 -0.110601817735849 -0.995759901509434 -0.973190056415094 -0.979775876981132 0.942952000377358 -0.272983832264151 0.0134905823226415 -0.99376298509434 -0.981225957924528 -0.976324063584906 0.0753766542264151 0.00797573092830189 -0.00368524954709434 -0.994604542264151 -0.98564873245283 -0.992251177358491 STANDING
5 10 0.276650300681818 -0.0155418603409091 -0.107964083931818 -0.978403481818182 -0.919561843409091 -0.941271440454545 0.954008785454545 -0.0431597830454545 0.0346980210431818 -0.991259485 -0.975410724090909 -0.959579657727273 0.0809784390227273 0.0119007630575 -0.00485841031477273 -0.964311490454545 -0.941328663409091 -0.9764306 STANDING
5 8 0.279620986111111 -0.0148113067148148 -0.106114996837037 -0.988815418148148 -0.938479429074074 -0.926065255185185 0.957669921111111 -0.0904603488214815 -0.0979392024814815 -0.987690217222222 -0.958904114074074 -0.918293913703704 0.0753739045185185 0.00814951727462963 0.00322153267648148 -0.989198879814815 -0.976442140740741 -0.982610899259259 STANDING
5 17 0.277942503333333 -0.0174120064169231 -0.111432145565 -0.991163919871795 -0.968176663717949 -0.970462679230769 0.904678547435897 -0.257486817948718 -0.202687757012821 -0.985751365769231 -0.975810476025641 -0.969171762179487 0.0740864955641026 0.00657853452564103 -0.00403599594166667 -0.992094005512821 -0.98666125974359 -0.991217027307692 STANDING
5 26 0.281127035405405 -0.0166608306652703 -0.110237796416216 -0.993069368783784 -0.949466155405405 -0.962988401351351 0.965460891621622 -0.140315421824324 0.0884142682297297 -0.992678782162162 -0.966986433783784 -0.964228470675676 0.0753578207972973 0.0081732226404054 -0.00219497782824324 -0.990498355 -0.975935485405405 -0.986693448648649 STANDING
5 24 0.280348883913043 -0.0144785340348986 -0.108222553855072 -0.98725587115942 -0.936871974347826 -0.930283530144928 0.96644228 -0.145201300942029 -0.0530585403536232 -0.992197591884058 -0.968155388695652 -0.94618494942029 0.0746177416521739 0.0109839689101449 -0.00358774904913043 -0.980573836811594 -0.967745638695652 -0.977716354927536 STANDING
5 2 0.277911472222222 -0.0184208270166667 -0.105908536055556 -0.987271889259259 -0.957304989259259 -0.949741851296296 0.896928566851852 -0.370062696851852 0.129747161222222 -0.986685818703704 -0.97419442037037 -0.945927078703704 0.0747588597592593 0.0103291774794444 -0.00837158846722222 -0.981085715555556 -0.97105943962963 -0.982841446481482 STANDING
5 11 0.277715562765957 -0.0171990886595745 -0.108686630425532 -0.994978878723404 -0.964173331702128 -0.986382712765957 0.956464535957447 -0.173082704680851 0.127198423404255 -0.994529398085106 -0.981047828723404 -0.989433253617021 0.0760097721914894 0.0124130965551064 -0.00074591623212766 -0.992527404255319 -0.979428279574468 -0.990132989574468 STANDING
5 9 0.282310057333333 -0.0200454954022222 -0.0952747481333333 -0.975741252444444 -0.938635759333333 -0.919295805777778 0.961323502222222 -0.010383816474 0.00914769235555555 -0.989103160444444 -0.972573867555556 -0.932245295111111 0.0760032053555556 0.0130699796066667 -0.004700785502 -0.969973398888889 -0.963849332888889 -0.970584264666667 STANDING
5 18 0.278458805890411 -0.0166353518150685 -0.108453355945205 -0.992019762739726 -0.95422343630137 -0.961873909178082 0.947573239863014 -0.204206320958904 -0.0485767106575342 -0.994270075205479 -0.981335941917808 -0.976044291369863 0.0753539482328767 0.0104698718417123 -0.00181640480191781 -0.989436673835616 -0.975277836849315 -0.988455249452055 STANDING
5 27 0.279566921625 -0.016593236445 -0.107835818025 -0.9919515835 -0.955171419 -0.962408444875 0.965351492 -0.188504847375 -0.00557416876082625 -0.994012162875 -0.97964105225 -0.968169953625 0.074969980825 0.0122433312349875 -0.00137950299425 -0.987628362 -0.975829725 -0.987354788 STANDING
5 25 0.278013701621622 -0.0163569730274324 -0.107352957594595 -0.991970126756757 -0.954569225945946 -0.964642688108108 0.929794733108108 -0.159316786486486 0.201182106486486 -0.993148267702703 -0.980642970675676 -0.967792578648649 0.0752337295675676 0.0066321397672973 -0.00622808791433784 -0.988312658378378 -0.972272410540541 -0.987062685135135 STANDING
5 3 0.280046513278689 -0.0143376555065574 -0.101621722633148 -0.96674254295082 -0.893449307213115 -0.911419015081967 0.93503077852459 -0.301735130327869 0.024763106752459 -0.982020428032787 -0.957425321803279 -0.928161577377049 0.0750900622277049 0.00771663644590164 -0.00807177934114754 -0.957086489344262 -0.941686785737705 -0.973059634918033 STANDING
5 12 0.277405834918033 -0.0169002543196721 -0.105526999754098 -0.981243992459016 -0.923140254098361 -0.920684800114754 0.957317821803279 -0.21886535557377 -0.0395382767304918 -0.985314210491803 -0.970482614590164 -0.939534099016393 0.0744631761967213 0.0100480041062295 -0.00788131384131148 -0.972440195081967 -0.953203115409836 -0.975556976885246 STANDING
5 21 0.27695224258427 -0.0167084730205618 -0.110417855808989 -0.981419961123596 -0.943601625393258 -0.946123407078652 0.881213341910112 -0.346155558876404 -0.207685689775281 -0.982906668876405 -0.977681415955056 -0.958590002247191 0.0754543858764045 0.0100621171270225 -0.00332093673865168 -0.97706335011236 -0.963921458202247 -0.977915677191011 STANDING
5 19 0.27817226 -0.0154244056945205 -0.10904190460274 -0.989910996849315 -0.944430270684931 -0.952599653972603 0.944045837534247 -0.223897807808219 0.130643717849315 -0.992411542465753 -0.971426607808219 -0.958862043972603 0.0754120366712329 0.00991338273931507 0.00129216333878082 -0.984792035205479 -0.970543276575342 -0.986142491917808 STANDING
5 28 0.277795069113924 -0.0172635124672152 -0.106579385202532 -0.977748638607595 -0.875689216835443 -0.905123824177215 0.948514848481013 -0.247656166582278 -0.0385830501632911 -0.990059426582279 -0.962801441898734 -0.951782181518987 0.0753131601898734 0.00907363218518987 -0.00267810077607595 -0.968604559620253 -0.933768175063291 -0.969765362025316 STANDING
5 20 0.278076904657534 -0.0180695049161644 -0.100402759931507 -0.967209961232877 -0.87541041109589 -0.913142481643836 0.911231752465753 -0.305938716712329 0.0708655286023288 -0.981916942054795 -0.957462721369863 -0.942437325616438 0.0763556159315068 0.0116930221630137 -0.00613681937487671 -0.959528332191781 -0.935605650958904 -0.958936310958904 STANDING
5 15 0.278915803962264 -0.0183516360396226 -0.105910832679245 -0.988949247358491 -0.931900148301887 -0.951670257924528 0.965528899622642 -0.164713175490566 0.0645975994528302 -0.988432084716981 -0.965687978301887 -0.958810153207547 0.0752280703207547 0.00617255520183019 -0.00658737093471698 -0.985459068490566 -0.967720399622641 -0.985301940754717 STANDING
5 13 0.277758431052632 -0.0167891993964912 -0.112124137754386 -0.991020759298246 -0.949422439473684 -0.967538031754386 0.942695296842105 -0.239943146315789 -0.0524856614035088 -0.992232401754386 -0.974681225789474 -0.976827157368421 0.0758630962280702 0.00762035230350877 -0.000704979340543859 -0.987636104210526 -0.977704172105263 -0.986926242631579 STANDING
5 22 0.279053861587302 -0.0158563207496825 -0.104967423820635 -0.985000527142857 -0.922693288412698 -0.942201655238095 0.954064297619048 -0.226418773650794 0.0323824977714286 -0.992827298253968 -0.971080742857143 -0.958890201587302 0.0752322891746032 0.0107286964173016 -0.00626291653857143 -0.975639080634921 -0.952303493968254 -0.981478064920635 STANDING
5 14 0.280545613833333 -0.01520781344 -0.103817701790667 -0.973268905 -0.928525725333333 -0.9222763115 0.875319569 -0.226692231166667 -0.338174888666667 -0.972005366333333 -0.965781048333333 -0.940757718 0.0737933748485 0.00579566182983333 -0.00720777760485 -0.978248526 -0.966362425833333 -0.970766734 STANDING
5 29 0.277965065846154 -0.0172605869061538 -0.108659067476923 -0.996068635384615 -0.969295721076923 -0.980207488923077 0.974508732 -0.05848715356 0.0316145849747692 -0.996764227384615 -0.985134032307692 -0.984464543538462 0.0753052530307692 0.0115104978664615 0.000332894985246154 -0.993652820615385 -0.983338157846154 -0.990593859692308 STANDING
5 16 0.283497402948718 -0.0165999672935897 -0.103657729076923 -0.989076811794872 -0.960298267692308 -0.953468961666667 0.941587749358974 -0.0578867045 -0.166737468166667 -0.985359689871795 -0.980552435769231 -0.959562830769231 0.0736438905641026 0.0120767950358846 -0.00476310557910256 -0.991026497435897 -0.98262195474359 -0.988073825641026 STANDING
5 23 0.277899323235294 -0.0177475547867647 -0.1105970177575 -0.985421519558824 -0.9584444925 -0.929409745147059 0.919857125882353 -0.117401359697059 -0.223631180906765 -0.984610385 -0.984818648823529 -0.947199734411765 0.0750206478676471 0.0105861517936765 -0.00529260911370588 -0.983141958970588 -0.975219983676471 -0.973595215441176 STANDING
5 30 0.277112699152542 -0.0170163887813559 -0.108756209835593 -0.977559426949153 -0.891654527118644 -0.912850596949152 0.968556705084746 -0.100296804186441 0.0243044362542373 -0.996420919152542 -0.95814576338983 -0.949207368305085 0.0752414472033898 0.0120860416340678 0.00190841458130508 -0.968430745254237 -0.957318881355932 -0.968897316101695 STANDING
6 7 0.250176694038462 -0.0204411516884615 -0.101361036576923 -0.93651361 -0.926262668653846 -0.952978365961539 -0.502814250576923 0.393444278076923 0.907537823461538 -0.914221270096154 -0.955543549230769 -0.961908984423077 0.0968904018076923 0.0250624183634615 -0.0131653918205769 -0.980977756153846 -0.973093160192308 -0.972983064230769 LAYING
6 6 0.248656520140351 -0.0102529170561404 -0.133119570368421 -0.934049422052632 -0.924644826385965 -0.925216100350877 -0.47670987877193 0.956593814210526 0.175867709021053 -0.887746310350877 -0.959161956491228 -0.928130738421053 0.0963481955263158 -0.00114529240245614 0.00328817288070175 -0.966341054736842 -0.933674494385965 -0.959646055263158 LAYING
6 1 0.22159824394 -0.0405139534294 -0.11320355358 -0.9280564692 -0.83682740562 -0.826061401628 -0.24888179828 0.70554977346 0.4458177198 -0.8968300184 -0.90772000676 -0.85236629022 0.0810865342 0.0038382040088 0.010834236361 -0.958482112 -0.9241492736 -0.9548551108 LAYING
6 8 0.261254282907407 -0.0212281733881481 -0.102245365611111 -0.94304121537037 -0.93489116 -0.932491454407407 -0.405930036111111 0.589922434814815 0.719831539259259 -0.918873192333333 -0.957990036481482 -0.94183626337037 0.0878326902592593 0.0233299159137037 -0.0169218791344444 -0.973253042222222 -0.976520952037037 -0.96608757462963 LAYING
6 17 0.269780085577465 -0.0168462006729577 -0.107006279704225 -0.972960567323944 -0.944792875211268 -0.953476700140845 -0.19913309 0.658792072253521 0.722657502112676 -0.961063222394366 -0.961466681267606 -0.957164565211268 0.077908974656338 0.00706867100408451 -0.000143542544507042 -0.981489017183099 -0.976960542816901 -0.98281300056338 LAYING
6 4 0.263559214981481 -0.0150031841055556 -0.110688150314815 -0.954193738888889 -0.941714042407407 -0.962667314814815 -0.420664662222222 0.915165104259259 0.341531310555556 -0.921199965925926 -0.969816635740741 -0.976176608888889 0.0934494217777778 0.00693313213968519 -0.00641054328740741 -0.978302781111111 -0.942209488333333 -0.978511984259259 LAYING
6 24 0.272850494930556 -0.0173555210111111 -0.107236237236111 -0.967984021111111 -0.983126461944444 -0.973566958888889 -0.359292534027778 0.738430699305556 0.683839909722222 -0.960412164305556 -0.993454358055556 -0.979239668194444 0.08072123275 0.0119819524179167 -0.00589225849902778 -0.98636543375 -0.982430495 -0.983087366805556 LAYING
6 2 0.281373403958333 -0.0181587397583333 -0.107245610416667 -0.974059464791667 -0.98027739875 -0.984233296875 -0.509754238125 0.752536639375 0.646834879583333 -0.959014441458333 -0.988211865208333 -0.984230418125 0.0825972511666667 0.012254788451875 -0.00180264895625 -0.98587216875 -0.98317254125 -0.988442014375 LAYING
6 11 0.280592970877193 -0.0176598052315789 -0.108786578070175 -0.98477733 -0.972196873859649 -0.971311176842105 -0.134832031403509 0.943017941403509 0.112620189964912 -0.97956560245614 -0.990765579649123 -0.984192606315789 0.0766645337017544 0.0122193853629825 0.00277690502070175 -0.985259108596491 -0.972777455263158 -0.982111784210526 LAYING
6 9 0.2591955368 -0.020526821662 -0.10754972144 -0.94233309 -0.9162927764 -0.9407072854 -0.5802528348 -0.1191541962 0.9578730416 -0.9218210626 -0.9699944882 -0.9712046902 0.08807344764 0.011561732718 -0.0070536778584 -0.9647404702 -0.9639966798 -0.958562455 LAYING
6 18 0.274691576923077 -0.0173937684615385 -0.107698927907692 -0.984527649230769 -0.986160920923077 -0.987658662307692 -0.220600509076923 0.719755403692308 0.605495317692308 -0.982715987538462 -0.994093522615385 -0.990957249538462 0.0749985010769231 0.0117018961415385 -0.00121344813430769 -0.985921071076923 -0.985554339384615 -0.990660246153846 LAYING
6 5 0.278334325576923 -0.0183042123269231 -0.107937603673077 -0.965934509615385 -0.969295613269231 -0.968562516346154 -0.483470597692308 0.954890346153846 0.263644691923077 -0.945695336153846 -0.985964053846154 -0.977076645 0.0848164824230769 0.00747460829615385 -0.00304067159653846 -0.983307862115385 -0.964560430961538 -0.985419368461538 LAYING
6 25 0.250791828613699 -0.0188943663671233 -0.100428830260274 -0.909116474109589 -0.691770680561644 -0.717262004013699 -0.461102531369863 0.620658919917808 0.526353818315068 -0.829554947808219 -0.643578361424658 -0.610161166287671 0.0879071687671233 0.0284619311524658 -0.0307179435315068 -0.973323412328767 -0.945687169726027 -0.96783552630137 LAYING
6 3 0.275516852741935 -0.0189556785048387 -0.101300477506452 -0.982776639193548 -0.962057544516129 -0.96369103483871 -0.241758478064516 0.837032099677419 0.48870318516129 -0.982512193064516 -0.981202749677419 -0.964807543870968 0.0769811125806452 0.0138041011306452 -0.00435625874355645 -0.98087931483871 -0.968710724677419 -0.982093162903226 LAYING
6 12 0.260113433 -0.0175203917146667 -0.108160125666667 -0.95531868 -0.949072009333333 -0.9483338435 -0.3785920653 0.8033788345 0.2750431984 -0.936458309333333 -0.974396492666667 -0.9596439555 0.0854295393833333 0.00774408308 -0.0043714837772 -0.969276283333333 -0.962639526833333 -0.970629308166667 LAYING
6 10 0.280230574137931 -0.024294484137931 -0.117168642362069 -0.968283685 -0.946454302068966 -0.95947148637931 -0.453069737586207 -0.139297681034483 -0.031121624137931 -0.954531941896552 -0.966701156034483 -0.963045642431035 0.073815064487931 0.015698997097069 0.00716689586275862 -0.978007466724138 -0.966930793448276 -0.976256662586207 LAYING
6 19 0.272653733493976 -0.0171426864421687 -0.10898146186747 -0.965019579518072 -0.973449968554217 -0.984672837228916 -0.680043155060241 0.725646622771084 0.68762385253012 -0.958959611084337 -0.986993149638554 -0.988819031566265 0.0772317998650602 0.011149573306747 -0.000988690855325301 -0.983605223493976 -0.974524522650602 -0.988260181084337 LAYING
6 28 0.2759134825 -0.0167537858225 -0.1083448529625 -0.9688882955 -0.945386780375 -0.956450342875 -0.490334541875 0.1440732745 0.0157570025 -0.970599089375 -0.9697590285 -0.97912466575 0.0780770644 0.005939923320625 0.006009719386425 -0.9801647165 -0.97867953975 -0.973071655875 LAYING
6 26 0.271645864540789 -0.0191895728026316 -0.105002540289474 -0.969445445263158 -0.983231351842105 -0.984500013157895 -0.621309715263158 0.803015011578947 0.614523405921053 -0.944472488552632 -0.987887995263158 -0.984081708947368 0.0866502529210526 0.0124420033513158 -0.00614755098663158 -0.989315824868421 -0.987182887763158 -0.989064628947368 LAYING
6 15 0.2894756525 -0.0166296542054167 -0.118530240291667 -0.972255551527778 -0.962759422361111 -0.929586835277778 -0.1719930545 0.899242553055556 -0.0369192905555556 -0.961509742916667 -0.986036192361111 -0.950710357083333 0.0767515438611111 0.0123984271386111 -0.00443927981861111 -0.981739386805556 -0.970921587777778 -0.978402956527778 LAYING
6 13 0.276716360483871 -0.020440454366129 -0.104331864532258 -0.968891989354839 -0.950947949516129 -0.950392995483871 -0.156852206467742 0.656400944354839 0.598884988709677 -0.957875244677419 -0.975948136290323 -0.959892863709677 0.0767774832096774 0.0183441894580645 -0.00988389709596774 -0.98541995 -0.980152342903226 -0.983070657419355 LAYING
6 22 0.279959721194444 -0.0142629864502778 -0.110800924652778 -0.947735251944444 -0.913276301666667 -0.942945807916667 -0.418494577083333 0.632484075694444 0.771903907083333 -0.928781249027778 -0.958826938556944 -0.952435389166667 0.0752202242222222 0.00459834754236111 -0.00467438744166667 -0.970355191527778 -0.955151526805556 -0.974527011944444 LAYING
6 20 0.239507882205882 -0.0144406281132353 -0.104274322538235 -0.962249114705882 -0.964098180294118 -0.972571998382353 -0.472431415573529 0.864882956617647 0.477573305 -0.928674215147059 -0.976018476911765 -0.9765185525 0.0892716006470588 0.00110822495382353 -0.00309891846569118 -0.984270728235294 -0.977002606764706 -0.984989224117647 LAYING
6 29 0.287295196811594 -0.0171965484202899 -0.109462068173913 -0.984219555507246 -0.990240946666667 -0.987255149855072 -0.346789842753623 0.807535373478261 0.590452224057971 -0.972939889855073 -0.99424764884058 -0.98577817826087 0.0718861195971014 0.0116912059556522 0.00241542784130435 -0.99200598942029 -0.989513565652174 -0.993288313333333 LAYING
6 27 0.274102492432432 -0.0179867611216216 -0.107699732837838 -0.978455153108108 -0.983736043783784 -0.986636996081081 -0.530434604864865 0.567879494054054 0.84539238027027 -0.971183862702703 -0.993701742972973 -0.989056311351351 0.0766268551324324 0.0126491088851351 -0.000685549292837838 -0.986471899324324 -0.985159461756757 -0.989685146621622 LAYING
6 16 0.274227162571429 -0.0166103510562857 -0.107310493242857 -0.973691429428571 -0.943061150285714 -0.965490276285714 -0.206783742242857 -0.0199270225714286 0.893884468571429 -0.963761977857143 -0.966087103857143 -0.967886002 0.0783960268571429 0.0132805054325714 -0.00154105089764286 -0.988416723857143 -0.984867286857143 -0.987644127 LAYING
6 14 0.233275439803922 -0.0113424652490196 -0.0868333315509804 -0.917501887333333 -0.909697040980392 -0.900331921686275 -0.145483631627451 0.48539692745098 0.83656291 -0.862136937254902 -0.94877486372549 -0.90130385627451 0.098140384845098 -0.00831507059607843 -0.0323601505045098 -0.971473557058824 -0.96812761745098 -0.972431855490196 LAYING
6 23 0.274038007986111 -0.0216553835833333 -0.104256776291667 -0.956756363194444 -0.976309827361111 -0.973223495416667 -0.391564962777778 0.438434067361111 0.918782825277778 -0.947948758194444 -0.982794562916667 -0.976780462083333 0.0831787608333333 0.01535144005125 -0.00628235060277778 -0.986360446805556 -0.988611616666667 -0.984663476666667 LAYING
6 21 0.271325472455556 -0.0184233048415556 -0.103253832233333 -0.955019866222222 -0.956959422222222 -0.945653787777778 -0.174349174822222 0.599992678 0.788251027111111 -0.945905270555556 -0.983732936111111 -0.952416332444444 0.0820150201077778 0.0119943671007778 -0.0139053438591111 -0.984826520888889 -0.971584753222222 -0.983977644222222 LAYING
6 30 0.281033900571429 -0.0194494098614286 -0.1036581505 -0.976362515428571 -0.954201823857143 -0.967044236428571 -0.344737755285714 0.732661247714286 0.681459210714286 -0.979563942714286 -0.988930714857143 -0.983274524857143 0.0752196666428571 0.0107680190087143 -0.000374189681428571 -0.977463775571429 -0.971049778142857 -0.979517896142857 LAYING
